(0,0) 583.041072 7.220740
(0,1) 557.548072 3.965125
(0,2) 555.385814 4.085979
(1,0) 571.254267 7.246188
(1,1) 553.794616 4.164104
(1,2) 555.793595 4.163896
(2,0) 569.401246 6.714971
(2,1) 555.526475 4.209896
(2,2) 557.448144 4.216828
midclass 1001: 1 1
(0,0) 226.226214 0.546211
(0,1) 186.643225 0.531256
(0,2) 188.311789 0.530351
(1,0) 206.760470 0.599559
(1,1) 188.302983 0.530263
(2,0) 199.824104 0.603581
(2,1) 190.293729 0.530102
midclass 1002: 0 1
(0,0) 414.070096 1.771376
(0,1) 388.705934 2.024824
(0,2) 384.212605 2.012987
(1,0) 404.087231 1.724693
(1,1) 383.505167 2.009439
(1,2) 385.501807 2.009720
(2,0) 401.761548 1.862323
(2,2) 385.862681 2.050389
midclass 1004: 1 1
(0,0) 282.106365 0.376365
(0,1) 227.563714 0.383239
(1,0) 258.171721 0.417053
(1,1) 229.510653 0.386956
(2,0) 254.171514 0.495713
midclass 1005: 0 1
(0,0) 133.976723 0.220991
(0,1) 85.594426 0.195678
(0,2) 87.129326 0.195610
(1,0) 119.125013 0.212130
(2,0) 111.216147 0.203791
midclass 1099: 0 1
(0,0) 300.043501 1.760337
(0,1) 254.276400 1.562947
(0,2) nan nan
(1,0) 272.378622 1.946674
(1,1) 255.849823 1.570585
(1,2) 258.276351 1.562942
(2,0) 271.376499 2.011190
(2,1) 255.994155 1.628357
midclass 1101: 0 1
(0,0) 311.308575 0.912471
(0,2) nan nan
(1,0) 264.629778 0.885253
(1,1) 244.342708 0.875281
(1,2) 246.226638 0.881628
(2,0) 244.992680 0.862424
(2,1) 246.977470 0.862848
(2,2) 247.332359 0.866507
midclass 1102: 1 1
(0,0) 302.796465 0.421853
(0,1) 271.688048 0.409205
(0,2) 269.337094 0.413354
(1,0) 289.108298 0.631405
(1,1) 268.935017 0.415788
(2,0) 285.144571 0.683865
(2,1) 270.904502 0.416416
midclass 1103: 1 1
(0,0) 871.497463 21.474211
(0,1) 841.468919 22.610766
(0,2) 842.126211 22.245794
(1,0) 856.847038 22.296707
(1,1) 842.098486 22.207918
(1,2) 844.089812 22.201795
(2,0) 849.533226 21.287202
(2,1) 844.092246 22.197640
midclass 1201: 0 1
(0,0) 575.471367 2.999180
(0,1) 527.554534 2.745641
(0,2) 528.171225 2.717681
(1,0) 540.734339 3.280684
(1,1) 527.894313 2.736437
(1,2) 529.736012 2.720917
(2,0) 533.862594 3.273353
(2,1) 529.698106 2.714076
midclass 1202: 0 1
(0,0) 733.274427 11.362183
(0,1) 694.457045 11.185108
(0,2) 696.456741 11.184148
(1,0) 710.598681 10.363831
(1,1) 696.456706 11.184439
(2,0) 706.892705 10.091042
(2,1) 698.399367 11.173355
midclass 1203: 0 1
(0,0) 401.503470 0.893912
(0,1) 366.148538 0.859334
(0,2) 368.665414 0.846422
(1,0) 368.096945 0.887817
(1,1) 368.081681 0.853044
(1,2) 367.178503 0.850320
(2,0) 370.021801 0.899926
(2,2) 362.245823 0.846538
midclass 1205: 2 2
(0,0) 459.247156 1.851391
(0,1) 389.357102 2.071212
(0,2) nan nan
(1,0) 418.273294 2.022205
(1,1) 387.863147 1.935286
(1,2) 389.773942 1.949250
(2,0) 405.134950 1.985650
(2,1) 389.689501 1.974011
(2,2) 387.378690 1.927207
midclass 1301: 2 2
(0,0) 337.582580 1.235712
(0,1) 295.068818 1.114721
(0,2) 295.789644 1.113216
(1,0) 321.779157 1.285195
(1,1) 295.753662 1.113745
(1,2) 297.748598 1.113623
(2,0) 319.898063 1.243372
(2,2) 298.632718 1.118453
midclass 1302: 0 1
(0,0) 357.711963 0.765786
(0,1) 298.820170 0.759616
(0,2) nan nan
(1,0) 321.907577 0.681294
(1,1) 298.698146 0.768017
(2,0) 315.684888 0.667601
midclass 1306: 1 1
(0,0) 487.394303 3.344868
(0,1) 445.711406 3.207048
(0,2) 442.842382 3.550494
(1,0) 450.174792 3.379327
(1,1) 443.240709 3.409499
(1,2) 444.736724 3.574983
(2,0) 444.992569 3.685082
(2,1) 445.067563 3.475514
midclass 1308: 0 2
(0,0) 488.086867 1.678988
(0,1) 435.297255 1.699289
(0,2) 437.290230 1.700769
(1,0) 458.052209 1.676934
(1,1) 437.288589 1.701049
(2,0) 452.584884 1.705322
(2,1) 438.464789 1.685638
midclass 1501: 0 1
(0,0) 73.023587 0.683338
(0,1) 43.465678 0.639957
(0,2) 38.845356 0.648641
(1,0) 66.556859 0.690493
(1,1) 40.117582 0.649425
(1,2) 40.529606 0.648438
(2,0) 57.800386 0.684396
(2,1) 40.628680 0.646688
midclass 1502: 0 2
(0,0) 283.225316 0.970461
(0,1) 244.113407 1.087146
(0,2) 243.540575 1.087621
(1,0) 271.316651 1.080104
(1,1) 243.811640 1.087501
(1,2) 245.521791 1.087608
(2,0) 264.391873 1.108878
(2,2) 247.303990 1.087991
midclass 1503: 0 2
(0,0) 240.957351 0.920444
(0,1) 178.237363 0.577720
(0,2) nan nan
(1,0) 198.943514 0.634256
(1,1) 176.720436 0.614309
(1,2) 178.663850 0.608472
(2,0) 183.519991 0.774188
(2,1) 178.553894 0.597309
midclass 1504: 1 1
(0,0) 556.361434 6.424909
(0,1) 511.081241 5.885219
(0,2) nan nan
(1,0) 534.539885 5.547364
(1,1) 513.076922 5.890373
(2,0) 529.003901 5.633820
(2,1) 515.064484 5.889807
midclass 1505: 0 1
midclass 1507: 0 0
(0,0) 357.326560 0.986460
(0,1) 296.496741 0.998574
(1,0) 340.842302 0.972692
(1,1) 298.151617 1.019873
(2,0) 314.872626 0.978546
(2,1) 295.102671 1.017028
(2,2) 296.184090 1.019769
midclass 1508: 2 1
(0,0) 422.983851 1.120040
(0,1) 370.285475 1.002930
(0,2) nan nan
(1,0) 386.287148 1.152904
(1,1) 372.178322 1.003176
(1,2) 372.100833 1.061243
(2,0) 383.494440 1.022447
midclass 1510: 0 1
(0,0) 137.486895 0.207000
(0,1) 98.299379 0.207590
(0,2) 97.985012 0.208010
(1,0) 123.681342 0.206632
(1,1) 98.045550 0.207669
(1,2) 99.979797 0.208008
(2,0) 118.277764 0.274085
(2,2) 101.952542 0.207695
midclass 1511: 0 2
(0,0) 395.595135 0.705917
(0,1) 358.163123 0.794872
(0,2) 358.141072 0.770993
(1,0) 381.391221 0.869154
(1,1) 358.133148 0.766843
(1,2) 360.107075 0.768150
(2,0) 377.598932 0.887100
(2,2) 360.726643 0.773754
midclass 1512: 1 1
(0,0) 282.207304 1.557355
(0,1) 227.008242 1.474438
(0,2) 229.008809 1.474417
(1,0) 265.299227 1.649603
(1,1) 229.004406 1.473901
(1,2) 227.889509 1.477966
(2,0) 249.517515 1.642303
(2,1) 229.796069 1.435576
(2,2) 231.119278 1.466667
midclass 1513: 0 1
(0,0) 320.246566 1.403449
(0,1) 267.201215 1.343283
(0,2) 269.197121 1.344196
(1,0) 294.123209 1.448611
(1,1) 269.196979 1.344243
(1,2) 270.908557 1.350025
(2,0) 284.833731 1.408126
(2,1) 271.170161 1.346654
(2,2) 272.804801 1.347756
midclass 1515: 0 1
midclass 1516: 0 0
(0,0) 452.181208 2.151204
(0,1) 405.071367 2.297140
(0,2) 407.046289 2.311546
(1,0) 418.383677 2.179480
(1,1) 407.021128 2.323911
(1,2) 407.300507 2.310298
(2,0) 415.661704 2.349711
(2,2) 407.501204 2.156835
midclass 1517: 0 1
(0,0) 567.812323 6.174422
(0,1) 522.654189 5.856212
(0,2) 524.509918 5.851754
(1,0) 547.310312 7.914451
(1,1) 524.515507 5.853074
(2,0) 541.614986 6.857396
(2,1) 526.474636 5.837483
midclass 1518: 0 1
(0,0) 509.469242 2.640748
(0,1) 502.410195 2.731075
(0,2) 501.166185 2.201520
(1,0) 505.125117 2.877652
(1,1) 497.730289 1.692886
(2,0) 505.506030 2.840376
(2,1) 499.481883 1.667511
midclass 1519: 1 1
(0,0) 588.629662 8.880447
(0,1) 552.608770 3.578035
(0,2) 551.289404 3.658773
(1,0) 579.267892 6.094044
(1,2) 553.285402 3.658394
(2,0) 575.917510 5.256656
midclass 1521: 0 2
(0,0) 563.237828 2.798173
(0,1) 489.260027 2.211293
(0,2) nan nan
(1,0) 517.751669 2.129470
(1,1) 484.895761 2.209368
(1,2) 486.837026 2.208628
(2,0) 506.116925 2.068791
(2,1) 486.828490 2.207921
midclass 2001: 1 1
(0,0) 390.962615 1.295201
(0,1) 352.929371 1.341125
(0,2) 353.877667 1.332707
(1,0) 370.923678 1.301924
(1,1) 353.719027 1.330328
(2,0) 365.704148 1.303382
(2,1) 355.345508 1.325098
midclass 2002: 0 1
(0,0) 433.535047 1.721934
(0,1) 366.944150 1.682270
(0,2) 368.662842 1.680664
(1,0) 389.342030 1.818246
(1,1) 367.016182 1.680662
(2,0) 381.403635 1.658840
(2,1) 367.634606 1.688959
midclass 2003: 0 1
(0,0) -6.924164 0.205574
(0,1) -66.985215 0.204031
(0,2) -65.508361 0.194059
(1,0) -33.613437 0.193480
(1,1) -65.358444 0.204092
(2,0) -43.007625 0.191253
(2,1) -63.451848 0.204122
midclass 2004: 0 1
(0,0) 492.631258 1.978627
(0,1) 436.456285 1.984293
(0,2) 438.452384 1.984284
(1,0) 465.060290 2.435964
(1,1) 438.416547 1.984291
(1,2) 440.305417 1.968541
(2,0) 454.516289 2.545135
(2,2) 442.298931 1.966190
midclass 2005: 0 1
midclass 2006: 0 0
(0,0) 495.568511 2.275624
(0,1) 457.600797 1.951962
(0,2) 457.575286 1.998126
(1,0) 479.479299 2.533005
(1,1) 457.540233 2.002037
(1,2) 459.541469 2.001974
(2,0) 469.680306 2.318863
(2,1) 459.530387 2.003548
(2,2) 461.500792 1.999637
midclass 2007: 1 1
(0,0) 539.684627 5.186801
(0,1) 507.440276 2.831727
(0,2) 504.836939 3.107649
(1,0) 528.782335 3.888028
(2,0) 519.483250 3.291949
(2,1) 506.945227 3.105476
midclass 2008: 0 2
(0,0) 512.345612 4.938913
(0,1) 469.310236 2.368810
(0,2) 470.505635 2.413862
(1,0) 495.249730 3.861063
(1,2) 472.482064 2.414592
(2,0) 492.732967 2.842380
(2,2) 474.482648 2.414738
midclass 2009: 0 1
midclass 2010: 0 0
(0,0) 600.791477 8.313616
(0,1) 578.972057 7.406521
(0,2) 576.089704 7.519507
(1,0) 593.410439 8.512228
(1,1) 575.810206 7.890765
(1,2) 577.833289 7.636128
(2,0) 587.374536 7.636475
midclass 2011: 1 1
(0,0) 306.595284 0.880631
(0,1) 267.405646 0.814093
(0,2) 267.736546 0.815869
(1,0) 283.066877 0.870473
(1,1) 267.246253 0.816620
(1,2) 269.243434 0.816629
(2,0) 282.115131 0.892853
(2,1) 267.710616 0.818863
(2,2) 269.515039 0.817984
midclass 2012: 1 1
(0,0) 469.106127 3.046209
(0,1) 436.843060 3.042749
(0,2) 434.307644 3.041511
(1,0) 456.016393 2.944078
(1,1) 434.380227 3.042697
(1,2) 433.180281 3.032853
(2,0) 445.233692 3.187013
(2,1) 445.191375 3.086641
(2,2) 434.964327 3.035915
midclass 2013: 1 2
(0,0) 578.982445 4.149317
(0,1) 523.756106 4.112845
(0,2) 525.753415 4.113543
(1,0) 562.613806 4.292324
(1,1) 525.735326 4.113738
(1,2) 525.804771 4.101279
(2,0) 544.719558 4.401951
(2,1) 525.163185 4.127983
(2,2) 525.766866 4.097534
midclass 2014: 0 1
midclass 2015: 0 0
(0,0) 326.373107 0.976976
(0,1) 283.104588 0.551670
(0,2) 284.907275 0.552344
(1,0) 303.894385 0.956648
(1,1) 284.924976 0.560656
(2,0) 297.807291 0.925322
(2,1) 286.872103 0.561093
midclass 2101: 0 1
(0,0) 268.344463 0.375061
(0,1) 216.580825 0.380976
(0,2) nan nan
(1,0) 244.061825 0.374335
(1,1) 218.498724 0.380926
(2,0) 233.719819 0.414688
(2,1) 220.394644 0.380520
(2,2) 222.414857 0.380572
midclass 2102: 0 1
(0,0) 346.435727 1.129529
(0,1) 273.874294 0.954942
(0,2) nan nan
(1,0) 305.777059 0.956477
(1,1) 271.193743 0.951623
(2,0) 297.012063 0.985767
midclass 2103: 1 1
(0,0) 367.174872 1.283276
(0,1) 315.221191 1.089850
(0,2) 317.182075 1.087678
(1,0) 339.876231 1.168673
(1,1) 317.175703 1.087212
(1,2) 318.618687 1.093995
(2,0) 338.707912 1.154654
(2,2) 319.127809 1.073737
midclass 2104: 0 1
(0,0) 475.483090 1.292022
(0,1) 445.049894 1.209021
(0,2) 446.991602 1.211820
(1,0) 453.493264 1.213682
(1,1) 446.984251 1.211942
(1,2) 448.909880 1.210115
(2,0) 452.103714 1.257700
(2,1) 448.828568 1.204042
midclass 2105: 0 1
(0,0) 296.277906 0.905081
(0,1) 254.743795 0.744157
(0,2) 256.940772 0.689415
(1,0) 273.691387 1.088571
(1,1) 256.732622 0.736567
(2,0) 268.266537 0.932216
(2,1) 258.331343 0.615504
midclass 2106: 0 1
(0,0) 261.901972 0.247434
(0,1) 218.992862 0.228715
(0,2) 220.685376 0.229790
(1,0) 246.851879 0.243034
(1,2) 222.640166 0.229597
(2,0) 241.682246 0.237335
(2,2) 221.909404 0.228273
midclass 2107: 0 1
(0,0) 674.000778 5.715152
(0,1) 628.439167 5.888833
(0,2) 630.143241 5.816629
(1,0) 646.673336 5.971896
(1,1) 630.049532 5.789172
(2,0) 646.305437 5.727284
midclass 2201: 0 1
(0,0) 650.097234 7.416644
(0,1) 632.632231 8.098033
(0,2) 629.589345 7.467261
(1,0) 640.863124 8.205730
(1,1) 628.108124 7.402780
(1,2) 630.075434 7.412768
(2,0) 639.635395 7.769759
(2,1) 629.917789 7.401727
(2,2) 632.108092 7.401539
midclass 2202: 1 1
(0,0) 710.824259 6.525183
(0,1) 681.016046 7.129859
(0,2) 682.579395 7.132984
(1,0) 694.431970 6.035401
(1,1) 682.557415 7.110155
(2,0) 691.076265 6.243002
(2,1) 684.551303 7.082089
midclass 2203: 0 1
(0,0) 565.444615 2.832858
(0,1) 535.078480 3.401135
(0,2) 534.682743 3.235005
(1,0) 547.299963 3.379049
(1,1) 533.956814 3.052818
(2,0) 544.846452 2.680028
(2,1) 534.668592 2.947516
midclass 2204: 1 1
(0,0) 646.459000 3.873916
(0,1) 633.451063 3.974258
(0,2) 628.354984 3.599905
(1,0) 641.335025 4.228210
(1,1) 626.120137 3.604804
(2,0) 638.300171 4.164917
(2,1) 628.106266 3.604907
midclass 2205: 1 1
(0,0) 615.471112 4.243056
(0,1) 568.774258 4.279676
(0,2) 570.378579 4.393959
(1,0) 599.405778 4.109887
(1,1) 570.454508 4.376540
(1,2) 569.735293 4.358549
(2,0) 587.108399 4.059846
(2,1) 571.758130 4.246141
(2,2) 571.549455 4.283232
midclass 2206: 0 1
(0,0) 620.888810 2.688981
(0,1) 609.808949 2.524551
(0,2) 609.700886 2.689442
(1,0) 613.752853 2.783364
(1,1) 607.634144 2.793577
(2,0) 613.788523 2.588901
(2,1) 608.566588 2.841101
midclass 2207: 1 1
(0,0) 424.438136 1.719593
(0,1) 378.626919 1.795416
(0,2) 380.206142 1.820685
(1,0) 409.495953 1.906027
(2,0) 400.875910 1.780101
midclass 2208: 0 1
(0,0) 440.176520 1.692245
(0,1) 432.960120 1.682466
(0,2) 431.089331 1.558605
(1,0) 434.813702 1.687073
(1,1) 425.494349 1.703387
(1,2) 427.466307 1.698610
(2,0) 435.663861 1.682206
(2,2) 437.367696 1.727865
midclass 2209: 1 1
(0,0) 521.737514 3.663017
(0,1) 476.334895 3.814629
(0,2) 478.482312 3.785122
(1,0) 491.722325 3.556965
(1,1) 478.325039 3.808497
(1,2) 478.655235 3.890591
(2,0) 491.089500 3.608214
(2,2) 478.796433 3.705537
midclass 2210: 0 1
(0,0) 360.933928 0.558528
(0,1) 294.418313 0.647918
(1,0) 334.719982 0.560289
(1,1) 294.448472 0.647922
(2,0) 310.685097 0.560014
(2,1) 294.683322 0.652336
(2,2) 295.379674 0.649257
midclass 2211: 0 1
(0,0) 480.261911 1.427038
(0,1) 436.587992 1.429310
(0,2) 437.478491 1.428367
(1,0) 461.797544 1.440959
(1,1) 437.437956 1.428134
(2,0) 455.252248 1.472901
(2,1) 439.423263 1.427899
midclass 2212: 0 1
(0,0) 430.226792 1.939067
(0,1) 387.713371 1.749370
(0,2) 388.611143 1.761142
(1,0) 411.749872 1.804522
(1,1) 388.601983 1.746942
(1,2) 390.532279 1.758598
(2,0) 406.482308 1.745114
(2,1) 390.506112 1.743289
midclass 2301: 0 1
(0,0) 368.508582 2.107133
(0,1) 350.627396 1.740988
(0,2) 342.585042 1.725827
(1,0) 364.242886 2.012777
(1,1) 343.315870 1.730345
(1,2) 344.418950 1.728081
(2,0) 356.939050 1.949338
(2,1) 344.580463 1.726157
midclass 2302: 0 2
(0,0) 488.371645 2.150157
(0,1) 465.087476 2.269852
(0,2) 461.751184 2.271149
(1,0) 478.919250 2.168440
(1,1) 460.977108 2.251583
(1,2) 462.980777 2.252036
(2,0) 477.922626 2.142567
(2,2) 463.027287 2.264808
midclass 2303: 1 1
(0,0) 333.643650 0.779199
(0,1) 269.220332 0.769728
(0,2) 270.910285 0.752349
(1,0) 300.289000 0.779543
(1,1) 269.889337 0.753192
(1,2) 270.355233 0.749711
(2,0) 294.043974 0.812988
(2,2) 272.342401 0.749246
midclass 2304: 0 1
(0,0) 385.676370 2.105990
(0,1) 341.593561 1.951753
(0,2) 343.485790 1.860080
(1,0) 368.007937 2.266000
(1,1) 343.541600 1.866917
(1,2) 344.412758 1.915887
(2,0) 349.831273 2.418434
(2,1) 343.208786 2.193330
midclass 2305: 0 1
(0,0) 376.071911 3.902687
(0,1) 318.973677 3.793443
(0,2) nan nan
(1,0) 346.525501 4.059311
(1,1) 320.950988 3.793561
(2,0) 341.886742 4.060417
(2,1) 322.478855 3.801323
midclass 2306: 0 1
(0,0) 436.510162 2.079248
(0,1) 392.276946 1.609826
(0,2) 393.017457 1.607436
(1,0) 423.002329 2.414241
(1,1) 393.242887 1.606624
(1,2) 394.090491 1.614914
(2,0) 412.850367 2.478904
(2,1) 394.414375 1.614329
midclass 2307: 0 1
(0,0) 405.887333 1.970395
(0,1) 365.893985 2.310494
(0,2) 367.799287 2.210316
(1,0) 381.535955 3.701110
(1,1) 367.781861 2.188905
(1,2) 367.412442 2.611774
(2,0) 380.964804 3.502625
(2,2) 367.006489 2.132522
midclass 2309: 0 1
(0,0) 373.835266 0.842201
(0,1) 327.715581 0.731116
(0,2) 328.874077 0.774905
(1,0) 343.018956 0.807031
(1,1) 328.819456 0.766431
(1,2) 330.816966 0.768427
(2,0) 332.033744 0.782852
(2,1) 330.758976 0.717583
(2,2) 330.441923 0.746581
midclass 2310: 0 1
(0,0) 401.313747 1.555568
(0,1) 373.858923 1.563985
(0,2) 373.714726 1.484821
(1,0) 388.848406 1.298724
(1,1) 373.743051 1.444469
(1,2) 374.471108 1.619834
(2,0) 382.497621 1.684195
(2,1) 375.736180 1.456401
(2,2) 376.251158 1.555779
midclass 2311: 0 2
(0,0) 221.831913 0.491419
(0,1) 158.027795 0.485217
(0,2) nan nan
(1,0) 185.957760 0.495192
(1,1) 158.451415 0.488240
(1,2) 157.620259 0.478464
(2,0) 181.352935 0.480109
(2,2) 159.609826 0.479612
midclass 2312: 1 2
(0,0) 166.816785 0.811455
(0,1) 107.129992 0.809433
(0,2) 108.637932 0.824364
(1,0) 141.364082 0.732294
(1,1) 108.432576 0.821374
(2,0) 125.299867 0.890901
(2,1) 109.713414 0.837027
(2,2) 111.663380 0.837341
midclass 2313: 0 1
(0,0) 459.145150 2.140708
(0,1) 455.628626 2.023304
(0,2) 442.989775 1.588952
(1,0) 459.881680 2.188649
(1,1) 446.961059 1.522034
(1,2) 444.672362 1.545134
(2,0) 447.972722 2.010224
(2,1) 445.116513 1.595266
(2,2) 446.410961 1.568833
midclass 2314: 0 2
(0,0) 355.760349 1.059343
(0,1) 301.677074 1.391214
(0,2) nan nan
(1,0) 320.922718 1.078646
(1,1) 303.677077 1.391204
(2,0) 315.373091 1.044654
(2,1) 303.345621 1.370042
(2,2) 305.345868 1.369999
midclass 2316: 0 1
(0,0) 336.764404 0.718144
(0,1) 302.717885 0.726294
(0,2) 300.625046 0.725329
(1,0) 326.782582 0.734696
(1,1) 300.897546 0.725998
(1,2) 302.616028 0.725406
(2,0) 322.061502 0.728713
(2,2) 304.414949 0.724954
midclass 2317: 0 2
(0,0) 131.064616 0.320579
(0,1) 78.670166 0.322144
(0,2) 80.628159 0.322160
(1,0) 112.981755 0.321793
(2,0) 102.925697 0.323142
midclass 3001: 0 1
(0,0) 395.978475 1.296619
(0,1) 352.476465 1.270771
(0,2) 354.059074 1.272249
(1,0) 381.434263 1.276128
(1,1) 354.168728 1.271657
(1,2) 354.252607 1.274784
(2,0) 365.640906 1.269670
(2,1) 354.977966 1.273273
(2,2) 356.009218 1.273242
midclass 3002: 0 1
(0,0) 127.287911 0.750287
(0,1) 83.261213 0.708163
(0,2) 83.886927 0.708220
(1,0) 115.741105 0.761671
(1,2) 85.719095 0.708110
(2,0) 108.885392 0.756421
(2,2) 86.617496 0.708091
midclass 3003: 0 1
(0,0) 254.015837 0.496346
(0,1) 198.003757 0.536249
(0,2) nan nan
(1,0) 231.215610 0.528836
(1,1) 199.974125 0.536865
(2,0) 219.547153 0.523486
(2,1) 201.866992 0.532899
midclass 3004: 0 1
midclass 3005: 0 0
(0,0) 483.672905 2.922536
(0,1) 434.931856 2.675442
(0,2) 436.430648 2.677327
(1,0) 471.687249 2.630786
(1,1) 436.618760 2.676695
(1,2) 431.105524 2.694911
(2,0) 447.458189 2.531391
(2,1) 435.031733 2.750109
(2,2) 432.773229 2.691197
midclass 3006: 1 2
(0,0) 454.525642 1.627328
(0,1) 388.120775 1.634307
(0,2) nan nan
(1,0) 424.868103 1.632963
(1,1) 387.745380 1.639240
(2,0) 412.249225 1.671661
(2,1) 388.624507 1.639661
midclass 3007: 1 1
(0,0) 324.670488 1.711953
(0,1) 296.736686 1.734371
(0,2) 296.252736 1.751341
(1,0) 312.324717 1.740581
(1,1) 296.114036 1.766410
(2,0) 307.875143 1.811407
(2,1) 298.113663 1.765770
midclass 3008: 1 1
(0,0) 277.382857 0.715061
(0,1) 237.366269 0.877141
(0,2) 237.646154 0.839287
(1,0) 265.427212 0.776716
(1,1) 237.962725 0.838993
(2,0) 254.362194 0.809151
(2,1) 239.193989 0.868497
midclass 3010: 0 1
(0,0) 346.367081 0.702798
(0,1) 303.927101 0.640106
(0,2) 304.614030 0.656431
(1,0) 330.000225 0.648795
(1,1) 304.682203 0.658066
(1,2) 305.178665 0.642602
(2,0) 316.884199 0.623491
(2,1) 306.671104 0.656578
(2,2) 307.174614 0.643924
midclass 3011: 0 1
(0,0) 497.521627 2.619771
(0,1) 447.354837 2.473312
(0,2) 449.242068 2.477947
(1,0) 472.438408 2.666657
(1,1) 449.226344 2.479010
(2,0) 469.253662 2.759178
midclass 3013: 0 1
midclass 3014: 0 0
(0,0) 579.811002 4.422637
(0,1) 548.342952 4.101845
(0,2) 546.103728 3.848841
(1,0) 569.438674 5.737933
(1,1) 546.561040 3.851208
(1,2) 548.082640 3.846976
(2,0) 558.856248 7.742258
(2,1) 548.110231 3.852874
(2,2) 550.057467 3.849049
midclass 3016: 0 2
(0,0) 167.699906 0.917424
(0,1) 116.028748 0.888357
(0,2) 117.948332 0.888756
(1,0) 151.081744 0.970373
(1,1) 117.967931 0.888711
(1,2) 118.625424 0.891654
(2,0) 141.842426 0.984797
(2,1) 118.585549 0.878818
midclass 3017: 0 1
(0,0) 541.465491 3.762711
(0,1) 484.742515 3.436247
(0,2) 487.264785 3.444584
(1,0) 520.052722 3.687841
(1,1) 486.024886 3.428816
(1,2) 487.931236 3.428203
(2,0) 506.196577 3.525583
(2,1) 486.411213 3.428550
(2,2) 488.457267 3.428816
midclass 3018: 0 1
(0,0) 31.094724 0.223145
(0,1) -29.714425 0.235462
(0,2) -27.723292 0.235451
(1,0) 5.705676 0.227049
(1,1) -28.162625 0.235573
(2,0) -4.332312 0.230271
(2,1) -26.437745 0.235681
midclass 3102: 0 1
(0,0) 29.821941 0.204330
(0,1) -2.430069 0.217098
(0,2) -5.346075 0.210419
(1,0) 21.032454 0.203267
(1,1) -4.400767 0.217523
(2,0) 13.416883 0.203855
(2,1) -3.150896 0.217696
midclass 3105: 0 2
(0,0) 77.131862 0.215979
(0,1) 31.987760 0.216107
(0,2) 33.366423 0.215631
(1,0) 62.400526 0.215810
(1,1) 33.470575 0.215656
(2,0) 55.414453 0.216871
(2,1) 34.685640 0.216150
midclass 3107: 0 1
midclass 3109: 0 0
(0,0) 298.682257 0.806471
(0,1) 244.062075 0.788960
(0,2) nan nan
(1,0) 274.675378 0.843831
(1,1) 246.061869 0.788955
(2,0) 269.860286 0.828355
(2,1) 248.059017 0.789031
midclass 3110: 0 1
(0,0) 215.455917 0.683575
(0,1) 160.922531 0.673105
(0,2) 162.744883 0.674356
(1,0) 190.485860 0.722251
(1,1) 162.754735 0.674317
(2,0) 181.803705 0.723900
(2,1) 164.678619 0.674580
midclass 3112: 0 1
(0,0) 23.782496 0.187047
(0,1) -31.793879 0.196265
(0,2) -29.820150 0.196709
(1,0) 3.206783 0.189748
(1,1) -29.820050 0.196697
(2,0) -7.153016 0.191691
(2,1) -28.479326 0.199095
midclass 3113: 0 1
(0,0) 388.271214 0.928757
(0,1) 356.031144 0.799500
(0,2) 355.738236 0.823446
(1,0) 366.937340 1.566362
(1,1) 354.426908 0.825882
(1,2) 359.215123 0.890754
(2,0) 367.733813 1.469046
(2,2) 352.684155 0.820782
midclass 3114: 2 2
(0,0) 332.962495 0.918843
(0,1) 267.734676 0.859559
(0,2) nan nan
(1,0) 293.839193 1.082580
(1,1) 268.236171 0.861456
(1,2) 269.480288 0.873499
(2,0) 287.813003 1.005121
(2,1) 269.489643 0.859716
midclass 3116: 0 1
(0,0) 379.519779 0.727095
(0,1) 333.127012 0.765421
(0,2) 334.592555 0.777746
(1,0) 363.446575 0.899631
(1,1) 334.668095 0.776692
(2,0) 356.284543 0.893009
(2,1) 336.147563 0.768004
midclass 3117: 0 1
(0,0) 313.526985 1.255212
(0,1) 249.818144 1.196955
(0,2) nan nan
(1,0) 277.618216 1.475117
(1,1) 250.257790 1.252366
(1,2) 252.239562 1.249537
(2,0) 251.726891 1.489204
(2,1) 251.645209 1.462626
(2,2) 253.612112 1.447038
midclass 3118: 0 1
(0,0) 279.425550 0.444020
(0,1) 234.013558 0.519403
(0,2) 235.461581 0.539330
(1,0) 268.445197 0.498475
(2,0) 261.249793 0.513624
midclass 3119: 0 1
(0,0) 91.923085 0.076354
(0,1) 32.995506 0.050227
(0,2) 35.038634 0.049998
(1,0) 84.350339 0.035025
(1,1) 34.770989 0.050104
(2,0) 60.719583 0.051645
(2,1) 36.501998 0.049800
midclass 3125: 0 1
(0,0) 258.885259 0.733393
(0,1) 211.762559 0.711882
(0,2) 212.999878 0.709799
(1,0) 244.720534 0.765247
(1,1) 213.145958 0.710316
(1,2) 214.185671 0.713592
(2,0) 235.946619 0.774913
(2,1) 214.201010 0.708819
midclass 3126: 0 1
midclass 3208: 0 0
(0,0) 148.877343 0.084484
(0,1) 91.524203 0.142701
(0,2) 93.521631 0.142695
(1,0) 129.803342 0.080028
(1,1) 93.444873 0.142672
(2,0) 122.829951 0.055739
(2,1) 94.169335 0.140157
midclass 3217: 0 1
(0,0) 201.254915 0.580309
(0,1) 144.639231 0.475348
(0,2) nan nan
(1,0) 169.643603 0.582097
(1,1) 145.149800 0.470535
(2,0) 164.257272 0.595400
(2,1) 147.016402 0.472086
midclass 3227: 0 1
midclass 3311: 0 0
(0,0) 128.055444 0.104533
(0,1) 67.614445 0.081475
(0,2) nan nan
(1,0) 83.587046 0.112447
(1,1) 69.197689 0.081113
(1,2) 69.500750 0.081684
(2,0) 79.998060 0.106481
(2,1) 66.879945 0.084140
midclass 3316: 2 1
(0,0) 335.540390 1.440089
(0,1) 284.930333 1.418897
(0,2) 287.263634 1.412174
(1,0) 311.481885 1.503016
(1,1) 286.898631 1.420953
(2,0) 302.929320 1.516077
(2,1) 288.869859 1.422699
(2,2) 290.871473 1.422467
midclass 3319: 0 1
(0,0) 225.704865 0.785870
(0,1) 182.415171 0.698565
(0,2) 183.483050 0.684809
(1,0) 203.838988 0.774244
(1,1) 183.284636 0.684843
(1,2) 185.821896 0.702205
(2,0) 203.095144 0.758206
(2,2) 183.585370 0.684485
midclass 3320: 0 1
(0,0) 270.925938 0.953217
(0,1) 224.636269 0.899670
(0,2) 226.062288 0.900931
(1,0) 256.490153 0.944442
(1,1) 226.191128 0.900812
(1,2) 227.741682 0.900333
(2,0) 245.683921 0.913697
(2,2) 230.091803 0.900683
midclass 3321: 0 1
(0,0) 271.690871 0.270135
(0,1) 215.412601 0.257196
(0,2) 217.409748 0.257196
(1,0) 248.096786 0.296170
(1,1) 217.321184 0.257226
(1,2) 219.349607 0.257207
(2,0) 238.803176 0.302143
(2,1) 219.274757 0.257260
midclass 3322: 0 1
(0,0) 233.724322 0.738528
(0,1) 187.741775 0.513652
(0,2) 188.804452 0.512783
(1,0) 217.953583 0.568993
(1,1) 188.886904 0.512582
(2,0) 209.803854 0.537516
(2,1) 190.663724 0.513526
midclass 3323: 0 1
(0,0) 28.843658 0.323955
(0,1) -27.225327 0.306011
(0,2) nan nan
(1,0) 3.400327 0.325204
(1,1) -25.249569 0.306030
(2,0) -3.258681 0.319394
(2,1) -23.256057 0.306035
midclass 3325: 0 1
(0,0) 21.748728 0.060347
(0,1) -35.165458 0.051983
(0,2) -34.063318 0.052052
(1,0) -2.165178 0.061726
(1,1) -34.094124 0.051970
(1,2) -34.750563 0.052090
(2,0) -31.954626 0.062306
(2,1) -34.223664 0.051844
(2,2) -39.255047 0.052755
midclass 3326: 2 2
(0,0) 231.283150 0.518141
(0,1) 184.408595 0.505885
(0,2) 185.917595 0.505331
(1,0) 211.952136 0.540598
(1,1) 185.918630 0.505201
(2,0) 205.941693 0.534574
(2,1) 187.919797 0.505225
midclass 3402: 0 1
(0,0) 183.301692 0.222928
(0,1) 157.521598 0.225147
(0,2) 152.167100 0.225658
(1,0) 175.869696 0.226620
(1,2) 153.989621 0.225433
(2,0) 171.669494 0.234036
midclass 3403: 0 2
(0,0) 320.107406 1.694337
(0,1) 279.993776 1.635620
(0,2) 280.700666 1.610413
(1,0) 299.939215 1.831544
(1,1) 280.474876 1.603135
(2,0) 297.872733 1.844825
midclass 3407: 0 1
(0,0) 302.020860 0.323967
(0,1) 258.737521 0.343637
(0,2) 258.969501 0.344365
(1,0) 292.738917 0.329505
(1,2) 260.521163 0.345893
(2,0) 283.639255 0.526723
midclass 3408: 0 1
midclass 3413: 0 0
(0,0) 324.842570 0.873524
(0,1) 265.961486 0.871680
(0,2) 267.949461 0.871600
(1,0) 296.025770 0.856904
(1,1) 267.759624 0.872376
(2,0) 291.389082 0.865033
(2,1) 269.978115 0.914932
midclass 3415: 0 1
(0,0) 163.149955 0.380837
(0,1) 111.595156 0.379878
(0,2) 113.512984 0.379379
(1,0) 143.168002 0.384437
(1,1) 113.497064 0.379885
(2,0) 135.246691 0.382836
(2,1) 115.385445 0.379914
midclass 3417: 0 1
(0,0) 97.112209 0.436710
(0,1) 40.783457 0.438360
(0,2) 41.489551 0.446140
(1,0) 71.240440 0.510865
(1,1) 41.479319 0.442506
(1,2) 43.887887 0.444297
(2,0) 42.309938 0.517769
(2,1) 37.725098 0.471397
(2,2) 39.598939 0.464293
midclass 3423: 2 1
midclass 3424: 0 0
(0,0) 164.180878 0.202075
(0,2) nan nan
(1,0) 131.939602 0.202720
(1,1) 97.873294 0.247645
(2,0) 112.603707 0.351021
(2,1) 99.597245 0.254825
midclass 3426: 1 1
(0,0) 246.011162 0.562868
(0,1) 183.852176 0.564724
(0,2) nan nan
(1,0) 202.987504 0.576471
(1,1) 183.061630 0.555214
(1,2) 183.121631 0.561167
(2,0) 197.353777 0.558447
(2,1) 183.653106 0.555241
(2,2) 185.097787 0.561522
midclass 3431: 1 1
